-193
-179
-172
-165
-155
-150
-142
-135
-132
-127
-122
-117
-112
-119
-129
-122
-119
-114
-107
-107
-107
-107
-114
-111
-106
-105
-105
-105
-110
-99
-100
-100
-100
-100
-100
-100
-100
-100
-103
-103
-108
-103
-104
-104
-104
-104
-104
-109
-114
-111
-104
-107
-103
-101
-101
-99
-101
-106
-107
-102
-105
-98
-93
-96
-93
-88
-85
-85
-85
-88
-88
-93
-93
-96
-97
-100
-100
-93
-88
-88
-88
-88
-88
-86
-89
-94
-89
-91
-92
-89
-79
-79
-79
-79
-82
-81
-84
-79
-76
-79
-77
-77
-77
-77
-77
-79
-76
-77
-77
-77
-84
-96
-89
-84
-84
-83
-83
-83
-83
-85
-88
-91
-81
-81
-81
-78
-78
-78
-78
-78
-78
-85
-78
-78
-78
-78
-83
-82
-85
-86
-90
-83
-82
-82
-82
-82
-83
-84
-81
-84
-79
-84
-81
-82
-82
-82
-83
-83
-82
-82
-81
-81
-78
-79
-80
-81
-81
-78
-78
-78
-81
-81
-81
-80
-79
-80
-81
-78
-81
-79
-78
-78
-81
-78
-77
-77
-77
-77
-77
-80
-80
-81
-88
-90
-85
-84
-87
-90
-87
-84
-85
-80
-80
-80
-80
-80
-80
-80
-81
-81
-80
-83
-81
-81
-81
-81
-82
-82
-82
-82
-82
-82
-82
-82
-77
-76
-74
-76
-75
-75
-78
-79
-79
-80
-88
-87
-85
-85
-86
-88
-88
-88
-87
-88
-91
-91
-91
-88
-88
-88
-88
-88
-88
-88
-88
-89
-89
-93
-94
-91
-91
-94
-94
-97
-94
-95
-95
-94
-95
-100
-100
-95
-95
-95
-95
-94
-94
-95
-100
-103
-100
-96
-96
-96
-95
-100
-99
-100
-93
-93
-93
-90
-90
-90
-90
-93
-93
-98
-99
-96
-92
-92
-92
-97
-92
-92
-92
-92
-92
-92
-92
-91
-96
-97
-96
-95
-92
-87
-87
-87
-88
-87
-87
-90
-91
-88
-88
-88
-89
-83
-86
-85
-85
-85
-86
-85
-85
-91
-91
-91
-91
-101
-101
-99
-101
-97
-97
-97
-102
-103
-107
-104
-105
-102
-99
-99
-94
-94
-94
-94
-93
-93
-93
-93
-93
-93
-96
-103
-108
-98
-93
-93
-93
-93
-103
-100
-99
-96
-96
-96
-96
-96
-96
-96
-96
-103
-97
-101
-96
-96
-96
-96
-96
-103
-100
-100
-107
-110
-103
-108
-101
-98
-98
-97
-97
-97
-97
-104
-104
-97
-97
-97
-97
-103
-93
-96
-86
-93
-90
-90
-91
-91
-91
-98
-94
-99
-96
-95
-90
-90
-90
-95
-94
-96
-84
-84
-87
-83
-87
-90
-90
-90
-87
-87
-87
-86
-86
-88
-85
-88
-89
-86
-89
-89
-89
-89
-86
-85
-84
-84
-81
-81
-81
-80
-80
-80
-80
-87
-86
-83
-85
-85
-85
-85
-85
-86
-82
-81
-81
-78
-77
-84
-82
-80
-77
-80
-87
-80
-85
-89
-82
-82
-85
-85
-84
-80
-80
-80
-80
-80

-80
-80
-80
-79
-79
-82
-82
-83
-79
-78
-83
-84
-79
-79
-79
-78
-78
-77
-77
-76
-76
-79
-76
-77
-77
-77
-77
-81
-84
-81
-82
-82
-77
-77
-77
-77
-77
-76
-81
-83
-82
-82
-79
-86
-89
-95
-98
-101
-102
-107
-103
-96
-99
-96
-101
-94
-101
-96
-93
-89
-88
-81
-87
-87
-90
-90
-90
-90
-93
-94
-89
-88
-87
-87
-87
-87
-87
-90
-89
-89
-89
-89
-96
-88
-88
-89
-86
-86
-89
-89
-89
-89
-89
-89
-92
-93
-93
-97
-98
-97
-92
-97
-90
-90
-91
-90
-91
-91
-91
-88
-88
-88
-88
-91
-88
-91
-91
-91
-90
-89
-89
-89
-89
-88
-91
-85
-85
-85
-85
-86
-87
-82
-79
-79
-78
-78
-83
-88
-87
-86
-87
-88
-85
-86
-87
-86
-82
-82
-82
-82
-86
-83
-83
-88
-87
-87
-87
-87
-92
-87
-82
-82
-85
-85
-90
-91
-90
-94
-93
-93
-93
-94
-94
-94
-94
-101
-91
-90
-90
-90
-90
-89
-93
-88
-88
-91
-91
-90
-89
-92
-99
-96
-93
-93
-99
-94
-95
-95
-96
-96
-96
-96
-96
-96
-102
-101
-101
-104
-104
-103
-104
-105
-110
-115
-118
-117
-118
-113
-110
-103
-102
-102
-102
-102
-102
-102
-102
-103
-100
-101
-101
-100
-100
-100
-100
-100
-100
-100
-99
-99
-99
-99
-99
-99
-100
-100
-107
-101
-101
-104
-104
-104
-103
-103
-109
-109
-109
-109
-109
-121
-121
-121
-122
-122
-122
-122
-112
-112
-112
-112
-112
-112
-112
-109
-109
-109
-109
-110
-109
-109
-104
-111
-104
-107
-110
-105
-105
-110
-113
-106
-106
-111
-111
-111
-108
-108
-108
-116
-116
-116
-116
-116
-116
-116
-116
-121
-128
-117
-112
-112
-112
-112
-112
-116
-116
-116
-116
-113
-113
-113
-116
-117
-112
-112
-112
-112
-117
-117
-113
-113
-113
-113
-113
-110
-113
-111
-118
-111
-111
-111
-111
-111
-111
-111
-109
-112
-109
-109
-109
-109
-109
-116
-113
-112
-115
-112
-112
-112
-110
-110
-110
-111
-114
-116
-109
-107
-109
-106
-105
-107
-107
-103
-103
-103
-103
-103
-107
-106
-106
-105
-105
-105
-105
-105
-105
-100
-101
-101
-96
-96
-96
-96
-101
-101
-109
-113
-118
-111
-99
-99
-99
-111
-111
-114
-114
-114
-113
-114
-115
-115
-115
-118
-121
-117
-112
-119
-115
-108
-112
-108
-113
-113
-110
-110
-113
-114
-111
-108
-110
-109
-107
-108
-108
-108
-108
-108
-108
-103
-103
-103
-103
-103
-108
-101
-104
-101
-101
-101
-101
-101
-101
-101
-101
-101
-106
-109
-108
-110
-104
-103
-103
-102
-102
-102
-102
-108
-103
-103
-103
-103
-103
-103
-103
-103
-106
-106
-103
-108
-109
-104
-104
-104
-104
-109
-112
-112
-107
-107
-106
-106
-106
-106
-106
